:name Example level
:description A pretty hard level

0,45,5,5,1.4,-0.5
0,15,5,5,1.3
1,60,5,5,1.4
5,75,5,5,0.8
5,25,5,5,1.3
7,13,5,5,1.3
13,23,5,5,1.2
15,80,5,5,1.4
15,65,5,5,1.2
16,36,5,5,1.5
21,3,5,5,1.2
25,50,5,5
25,80,5,5,1.4
25,70,5,5
27,8,5,5,1.3
29,25,5,5,0.6
29,18,5,5,1.5
31,15,5,5,0.5
35,75,5,5,0.9
40,85,5,5,0.7
40,56,5,5
40,45,5,5
40,68,5,5,2.5
42,17,5,5,2.1
45,5,5,5,0.8
45,80,5,5,1.1
45,50,5,5,0.8
46,12,5,5,1.2
50,25,5,5,1.4
50,90,5,5,1.1
50,60,5,5,1.5
54,10,5,5,1.2
55,26,5,5,0.5
58,33,5,5,0.6
58,5,5,5,0.6
60,80,5,5,0.9
60,58,5,5,0.8
65,70,5,5,0.6
66,7,5,5,1.5
70,75,5,5
70,45,5,5,2
70,90,5,5,0.9
75,65,5,5,2
76,47,5,5
78,35,5,5,3
78,11,5,5,1.2
80,59,5,5,0.7
80,39,5,5,0.7
85,75,5,5,1.1
85,5,5,5,0.3
85,10,5,5,1.4
86,45,5,5
86,22,5,5
90,52,5,5,0.5
90,50,5,5,1.8
90,90,5,5,2
93,25,5,5,2
95,10,5,5,2.7
95,20,5,5,1.2
95,65,5,5,0.8
96,43,5,5,0.7
96,60,5,5,0.6
99,75,5,5,1.2
99,39,5,5,1.8
100,5,5,5,0.5
104,85,5,5,0.6
105,25,5,5,2
105,65,5,5
106,22,5,5,0.8
107,22,5,5,2.5
110,80,5,5,1.7
110,55,5,5
110,70,5,5,1.2
115,5,5,5,0.6
116,27,5,5,0.7
118,38,5,5
120,60,5,5,1.3
125,65,5,5,1.2,0.5
125,20,5,5,1.2
125,80,5,5,1.4
128,53,5,5
135,60,5,5,0.7
135,30,5,5,0.4
135,20,5,5,1.3
140,25,5,5,1.7
140,85,5,5,0.7
145,20,5,5,1.4
145,90,5,5,1.5
145,75,5,5,0.7
145,35,5,5
155,75,5,5
155,60,5,5
155,10,5,5,1.2
156,3,5,5,0.4
160,40,5,5,0.4
163,56,5,5
165,90,5,5,1.4
165,35,5,5,1.4
165,80,5,5,1.2
170,20,5,5,0.6
170,85,5,5,0.5
175,5,5,5,1.2
