:name Example level
:description Pretty hard level frfr

0,15,5,5,1.3,1
1,60,5,5,1.4,1
5,25,5,5,1.3,1
5,75,5,5,0.8,1
7,13,5,5,1.3,1
13,23,5,5,1.2,1
15,65,5,5,1.2,1
15,80,5,5,1.4,1
16,36,5,5,1.5,1
21,3,5,5,1.2,1
25,80,5,5,1.4,1
25,70,5,5,1,1
27,8,5,5,1.3,1
29,18,5,5,1.5,1
29,25,5,5,0.6,1
31,15,5,5,0.5,1
35,75,5,5,0.9,1
40,85,5,5,0.7,1
40,56,5,5,1,1
40,68,5,5,2.5,1
42,17,5,5,2.1,1
45,80,5,5,1.1,1
45,50,5,5,0.8,1
45,5,5,5,0.8,1
46,12,5,5,1.2,1
50,60,5,5,1.5,1
50,90,5,5,1.1,1
50,25,5,5,1,1
54,10,5,5,1.2,1
55,26,5,5,0.6,1
58,5,5,5,0.6,1
60,80,5,5,0.9,1
65,70,5,5,0.6,1
66,7,5,5,1.5,1
70,90,5,5,0.9,1
70,45,5,5,2,1
70,75,5,5,1,1
75,65,5,5,2,1
76,35,5,5,3,1
78,11,5,5,1.2,1
80,59,5,5,0.7,1
80,39,5,5,0.7,1
85,5,5,5,0.3,1
85,10,5,5,1.4,1
85,75,5,5,1.1,1
90,90,5,5,2,1
90,52,5,5,0.5,1
90,50,5,5,1.8,1
93,25,5,5,2,1
95,20,5,5,1.2,1
95,10,5,5,2.7,1
95,65,5,5,0.8,1
96,60,5,5,0.6,1
99,75,5,5,1.2,1
100,5,5,5,0.5,1
104,85,5,5,0.6,1
105,65,5,5,1,1
105,25,5,5,2,1
107,22,5,5,2.5,1
110,55,5,5,1,1
110,80,5,5,1.7,1
110,70,5,5,1.2,1
115,5,5,5,0.6,1
116,27,5,5,0.7,1
120,60,5,5,1.3,1
125,65,5,5,1.2,1
125,20,5,5,1.2,1
125,80,5,5,1.4,1
135,60,5,5,0.7,1
135,30,5,5,0.4,1
135,20,5,5,1.3,1
140,85,5,5,0.7,1
140,25,5,5,1.7,1
145,35,5,5,1,1
145,20,5,5,1.4,1
145,90,5,5,1.5,1
145,75,5,5,0.7,1
155,10,5,5,1.2,1
155,60,5,5,1,1
155,75,5,5,1,1
156,3,5,5,0.4,1
160,40,5,5,0.4,1
165,90,5,5,1.4,1
165,35,5,5,1.4,1
165,80,5,5,1.2,1
170,85,5,5,0.5,1
170,20,5,5,0.6,1
175,5,5,5,1.2,1
